Fixation L,1,1,815862849,816046904,184055,1296.62,694.11,63,24,-1,16.77,16.77
Fixation R,1,1,815862849,816046904,184055,1296.62,694.11,63,24,-1,16.89,16.89
Saccade L,1,1,816046904,816106905,60001,1271.51,701.15,1260.88,280.81,6.67,212.76,0.47,111.08,9292.58,-8712.55,4946.34
Saccade R,1,1,816046904,816106905,60001,1271.51,701.15,1260.88,280.81,6.67,212.76,0.47,111.08,9292.58,-8712.55,4946.34
Fixation L,1,2,816126897,816282878,155981,1294.76,265.70,26,27,-1,14.79,14.79
Fixation R,1,2,816126897,816282878,155981,1294.76,265.70,26,27,-1,14.74,14.74
Saccade L,1,2,816282878,816334779,51901,1310.16,250.49,1618.21,68.77,5.41,196.12,0.54,104.22,8082.29,-8358.77,5549.66
Saccade R,1,2,816282878,816334779,51901,1310.16,250.49,1618.21,68.77,5.41,196.12,0.54,104.22,8082.29,-8358.77,5549.66
Fixation L,1,3,816334779,816618777,283998,1592.80,38.40,88,51,-1,11.78,11.78
Fixation R,1,3,816334779,816618777,283998,1592.80,38.40,88,51,-1,12.18,12.18
Saccade L,1,3,816618777,816678785,60008,1640.00,22.61,1215.61,736.88,12.41,449.92,0.33,206.81,21486.67,-13830.27,11609.79
Saccade R,1,3,816618777,816678785,60008,1640.00,22.61,1215.61,736.88,12.41,449.92,0.33,206.81,21486.67,-13830.27,11609.79
Fixation L,1,4,816678785,816762791,84006,1231.99,753.65,33,26,-1,11.75,11.75
Fixation R,1,4,816678785,816762791,84006,1231.99,753.65,33,26,-1,11.98,11.98
Saccade L,1,4,816762791,816798789,35998,1250.53,749.38,1231.71,674.68,1.21,69.64,0.33,33.61,2705.94,-2112.79,1504.27
Saccade R,1,4,816762791,816798789,35998,1250.53,749.38,1231.71,674.68,1.21,69.64,0.33,33.61,2705.94,-2112.79,1504.27
Fixation L,1,5,816798789,816870791,72002,1218.88,688.87,17,31,-1,12.09,12.09
Fixation R,1,5,816798789,816870791,72002,1218.88,688.87,17,31,-1,12.00,12.00
Saccade L,1,5,816870791,816922694,51903,1223.14,702.86,1339.40,725.78,1.85,91.62,0.46,35.58,3347.91,-3300.41,1832.49
Saccade R,1,5,816870791,816922694,51903,1223.14,702.86,1339.40,725.78,1.85,91.62,0.46,35.58,3347.91,-3300.41,1832.49
Fixation L,1,6,816922694,817058668,135974,1328.64,774.71,32,83,-1,12.47,12.47
Fixation R,1,6,816922694,817058668,135974,1328.64,774.71,32,83,-1,12.70,12.70
Saccade L,1,6,817058668,817122638,63970,1321.28,809.39,1637.42,812.55,6.66,251.12,0.50,104.13,9302.69,-8733.22,5685.47
Saccade R,1,6,817058668,817122638,63970,1321.28,809.39,1637.42,812.55,6.66,251.12,0.50,104.13,9302.69,-8733.22,5685.47
Saccade L,1,7,817142670,817170670,28000,1637.28,810.82,1734.27,670.50,2.42,211.61,0.43,86.55,8524.80,-6050.09,5076.09
Saccade R,1,7,817142670,817170670,28000,1637.28,810.82,1734.27,670.50,2.42,211.61,0.43,86.55,8524.80,-6050.09,5076.09
Saccade L,1,8,817170670,817194667,23997,1734.27,670.50,1639.27,772.48,1.99,183.11,0.50,82.95,4370.24,-7486.96,4382.73
Saccade R,1,8,817170670,817194667,23997,1734.27,670.50,1639.27,772.48,1.99,183.11,0.50,82.95,4370.24,-7486.96,4382.73
Fixation L,1,7,817230673,817354679,124006,1662.32,760.89,58,37,-1,13.34,13.34
Fixation R,1,7,817230673,817354679,124006,1662.32,760.89,58,37,-1,13.34,13.34
Saccade L,1,9,817354679,817410647,55968,1671.46,751.26,1417.35,1237.31,8.25,316.88,0.50,147.32,11907.44,-13707.98,8492.18
Saccade R,1,9,817354679,817410647,55968,1671.46,751.26,1417.35,1237.31,8.25,316.88,0.50,147.32,11907.44,-13707.98,8492.18
Fixation L,1,8,817410647,817482679,72032,1403.46,1216.58,26,35,-1,13.50,13.50
Fixation R,1,8,817410647,817482679,72032,1403.46,1216.58,26,35,-1,13.63,13.63
Saccade L,1,10,817482679,817510679,28000,1391.05,1207.28,1405.47,1257.81,0.80,45.08,0.57,28.47,1909.00,-1666.99,1333.30
Saccade R,1,10,817482679,817510679,28000,1391.05,1207.28,1405.47,1257.81,0.80,45.08,0.57,28.47,1909.00,-1666.99,1333.30
Fixation L,1,9,817510679,817566550,55871,1410.95,1268.23,12,17,-1,13.76,13.76
Fixation R,1,9,817510679,817566550,55871,1410.95,1268.23,12,17,-1,13.78,13.78
Saccade L,1,11,817566550,817590551,24001,1408.23,1272.66,1420.14,1186.27,1.24,104.47,0.50,51.61,4174.24,-4214.49,3209.92
Saccade R,1,11,817566550,817590551,24001,1408.23,1272.66,1420.14,1186.27,1.24,104.47,0.50,51.61,4174.24,-4214.49,3209.92
Saccade L,1,12,817614554,817650555,36001,1419.99,1191.26,1226.96,1258.14,3.26,221.54,0.44,90.68,9672.11,-9124.42,6552.84
Saccade R,1,12,817614554,817650555,36001,1419.99,1191.26,1226.96,1258.14,3.26,221.54,0.44,90.68,9672.11,-9124.42,6552.84
Fixation L,1,10,817650555,817846558,196003,1218.13,1265.28,47,36,-1,13.88,13.88
Fixation R,1,10,817650555,817846558,196003,1218.13,1265.28,47,36,-1,13.43,13.43
Saccade L,1,13,817846558,817898563,52005,1222.12,1267.66,1658.91,1183.35,6.89,273.01,0.31,132.44,13493.96,-7732.98,7269.13
Saccade R,1,13,817846558,817898563,52005,1222.12,1267.66,1658.91,1183.35,6.89,273.01,0.31,132.44,13493.96,-7732.98,7269.13
Saccade L,1,14,817910557,817942558,32001,1666.52,1176.25,1718.76,1184.88,0.90,46.54,0.63,27.99,1566.18,-1646.65,1158.81
Saccade R,1,14,817910557,817942558,32001,1666.52,1176.25,1718.76,1184.88,0.90,46.54,0.63,27.99,1566.18,-1646.65,1158.81
Fixation L,1,11,817942558,818246440,303882,1691.67,1182.48,66,45,-1,13.67,13.67
Fixation R,1,11,817942558,818246440,303882,1691.67,1182.48,66,45,-1,13.40,13.40
Saccade L,1,15,818286440,818326442,40002,1693.07,1213.68,1703.47,1169.44,1.29,53.02,0.30,32.32,2137.47,-992.11,950.04
Saccade R,1,15,818286440,818326442,40002,1693.07,1213.68,1703.47,1169.44,1.29,53.02,0.30,32.32,2137.47,-992.11,950.04
Fixation L,1,12,818326442,818430445,104003,1733.81,1161.91,54,32,-1,13.70,13.70
Fixation R,1,12,818326442,818430445,104003,1733.81,1161.91,54,32,-1,13.35,13.35
Saccade L,1,16,818430445,818462444,31999,1706.38,1165.50,1685.37,1015.85,2.26,170.05,0.63,70.71,7209.48,-6726.64,4879.35
Saccade R,1,16,818430445,818462444,31999,1706.38,1165.50,1685.37,1015.85,2.26,170.05,0.63,70.71,7209.48,-6726.64,4879.35
Fixation L,1,13,818462444,818598446,136002,1702.66,1040.78,41,37,-1,13.92,13.92
Fixation R,1,13,818462444,818598446,136002,1702.66,1040.78,41,37,-1,13.57,13.57
Saccade L,1,17,818598446,818626401,27955,1698.64,1027.17,1737.83,1116.55,1.58,131.39,0.57,56.56,5085.20,-5392.86,3650.85
Saccade R,1,17,818598446,818626401,27955,1698.64,1027.17,1737.83,1116.55,1.58,131.39,0.57,56.56,5085.20,-5392.86,3650.85
Saccade L,1,18,818634351,818658454,24103,1745.72,1117.35,1826.78,1121.21,1.10,88.95,0.50,45.84,3289.70,-3668.02,2535.33
Saccade R,1,18,818634351,818658454,24103,1745.72,1117.35,1826.78,1121.21,1.10,88.95,0.50,45.84,3289.70,-3668.02,2535.33
Fixation L,1,14,818658454,819102333,443879,1837.74,1118.65,56,37,-1,14.48,14.48
Fixation R,1,14,818658454,819102333,443879,1837.74,1118.65,56,37,-1,14.29,14.29
Saccade L,1,19,819102333,819194325,91992,1854.42,1103.91,1542.28,618.84,9.20,238.94,0.65,100.03,5806.93,-6507.43,3441.30
Saccade R,1,19,819102333,819194325,91992,1854.42,1103.91,1542.28,618.84,9.20,238.94,0.65,100.03,5806.93,-6507.43,3441.30
Saccade L,1,20,819230333,819282334,52001,1571.62,619.88,1340.51,324.84,5.97,204.56,0.38,114.83,9061.19,-7558.38,5631.88
Saccade R,1,20,819230333,819282334,52001,1571.62,619.88,1340.51,324.84,5.97,204.56,0.38,114.83,9061.19,-7558.38,5631.88
Fixation L,1,15,819282334,819470168,187834,1381.20,319.50,84,23,-1,14.03,14.03
Fixation R,1,15,819282334,819470168,187834,1381.20,319.50,84,23,-1,14.03,14.03
Saccade L,1,21,819470168,819514239,44071,1422.68,332.99,1393.50,611.75,4.16,220.51,0.27,94.40,9791.06,-6381.01,5213.94
Saccade R,1,21,819470168,819514239,44071,1422.68,332.99,1393.50,611.75,4.16,220.51,0.27,94.40,9791.06,-6381.01,5213.94
Fixation L,1,16,819514239,819658237,143998,1380.12,613.41,23,16,-1,14.11,14.11
Fixation R,1,16,819514239,819658237,143998,1380.12,613.41,23,16,-1,13.98,13.98
Saccade L,1,22,819658237,819698217,39980,1372.38,616.19,1320.01,756.43,2.24,100.52,0.50,56.01,4566.41,-3979.85,3123.99
Saccade R,1,22,819658237,819698217,39980,1372.38,616.19,1320.01,756.43,2.24,100.52,0.50,56.01,4566.41,-3979.85,3123.99
Fixation L,1,17,819698217,819818227,120010,1303.86,758.63,24,19,-1,14.35,14.35
Fixation R,1,17,819698217,819818227,120010,1303.86,758.63,24,19,-1,14.33,14.33
Saccade L,1,23,819818227,819882226,63999,1298.38,748.52,728.68,1052.90,10.02,322.13,0.31,156.63,14990.59,-7662.49,7648.07
Saccade R,1,23,819818227,819882226,63999,1298.38,748.52,728.68,1052.90,10.02,322.13,0.31,156.63,14990.59,-7662.49,7648.07
Fixation L,1,18,819882226,820302095,419869,715.95,1112.63,39,117,-1,14.09,14.09
Fixation R,1,18,819882226,820302095,419869,715.95,1112.63,39,117,-1,14.20,14.20
Saccade L,1,24,820302095,820326106,24011,734.02,1151.78,816.70,1156.01,1.19,90.10,0.50,49.73,3767.11,-4031.87,2904.63
Saccade R,1,24,820302095,820326106,24011,734.02,1151.78,816.70,1156.01,1.19,90.10,0.50,49.73,3767.11,-4031.87,2904.63
Fixation L,1,19,820326106,820566109,240003,829.04,1148.62,25,29,-1,13.59,13.59
Fixation R,1,19,820326106,820566109,240003,829.04,1148.62,25,29,-1,13.54,13.54
Saccade L,1,25,820566109,820602009,35900,838.53,1136.78,823.74,981.21,2.37,135.17,0.55,66.03,5715.44,-6160.58,4293.45
Saccade R,1,25,820566109,820602009,35900,838.53,1136.78,823.74,981.21,2.37,135.17,0.55,66.03,5715.44,-6160.58,4293.45
Fixation L,1,20,820602009,820693986,91977,832.75,964.94,24,22,-1,13.48,13.48
Fixation R,1,20,820602009,820693986,91977,832.75,964.94,24,22,-1,13.38,13.38
Saccade L,1,26,820693986,820741989,48003,838.48,966.75,822.21,783.66,2.76,109.03,0.67,57.45,4120.30,-5267.92,2604.55
Saccade R,1,26,820693986,820741989,48003,838.48,966.75,822.21,783.66,2.76,109.03,0.67,57.45,4120.30,-5267.92,2604.55
Fixation L,1,21,820741989,821173986,431997,806.85,762.00,60,91,-1,13.49,13.49
Fixation R,1,21,820741989,821173986,431997,806.85,762.00,60,91,-1,13.38,13.38
Saccade L,1,27,821173986,821214000,40014,780.63,720.68,809.39,791.14,1.10,41.28,0.70,27.54,1037.43,-1840.06,970.13
Saccade R,1,27,821173986,821214000,40014,780.63,720.68,809.39,791.14,1.10,41.28,0.70,27.54,1037.43,-1840.06,970.13
Fixation L,1,22,821214000,822261766,1047766,840.90,805.44,81,88,-1,14.11,14.11
Fixation R,1,22,821214000,822261766,1047766,840.90,805.44,81,88,-1,13.97,13.97
Saccade L,1,28,822261766,822305768,44002,879.29,804.59,870.76,563.98,3.54,140.92,0.55,80.38,5618.20,-6211.98,4346.80
Saccade R,1,28,822261766,822305768,44002,879.29,804.59,870.76,563.98,3.54,140.92,0.55,80.38,5618.20,-6211.98,4346.80
Fixation L,1,23,822305768,822457775,152007,852.80,546.27,30,31,-1,13.92,13.92
Fixation R,1,23,822305768,822457775,152007,852.80,546.27,30,31,-1,13.81,13.81
Saccade L,1,29,822457775,822509648,51873,844.85,539.20,847.96,223.02,4.71,213.76,0.54,90.71,7849.44,-9278.90,5628.32
Saccade R,1,29,822457775,822509648,51873,844.85,539.20,847.96,223.02,4.71,213.76,0.54,90.71,7849.44,-9278.90,5628.32
Fixation L,1,24,822509648,822645640,135992,836.99,201.09,29,33,-1,13.66,13.66
Fixation R,1,24,822509648,822645640,135992,836.99,201.09,29,33,-1,13.16,13.16
Saccade L,1,30,822645640,822701650,56010,838.96,209.81,1217.74,507.19,7.56,228.25,0.36,134.98,10504.22,-9760.11,6608.85
Saccade R,1,30,822645640,822701650,56010,838.96,209.81,1217.74,507.19,7.56,228.25,0.36,134.98,10504.22,-9760.11,6608.85
Fixation L,1,25,822701650,822889659,188009,1214.05,522.89,14,31,-1,13.66,13.66
Fixation R,1,25,822701650,822889659,188009,1214.05,522.89,14,31,-1,13.51,13.51
Saccade L,1,31,822889659,822941654,51995,1207.27,534.32,1366.05,478.42,2.49,115.14,0.23,47.83,5225.47,-4120.38,2491.05
Saccade R,1,31,822889659,822941654,51995,1207.27,534.32,1366.05,478.42,2.49,115.14,0.23,47.83,5225.47,-4120.38,2491.05
Fixation L,1,26,822941654,823125659,184005,1370.69,484.73,19,13,-1,13.86,13.86
Fixation R,1,26,822941654,823125659,184005,1370.69,484.73,19,13,-1,13.84,13.84
Saccade L,1,32,823125659,823177528,51869,1379.52,485.77,1357.38,156.42,4.95,155.97,0.31,95.34,7320.28,-7298.73,4292.63
Saccade R,1,32,823125659,823177528,51869,1379.52,485.77,1357.38,156.42,4.95,155.97,0.31,95.34,7320.28,-7298.73,4292.63
Fixation L,1,27,823177528,823853424,675896,1341.31,150.37,53,79,-1,14.07,14.07
Fixation R,1,27,823177528,823853424,675896,1341.31,150.37,53,79,-1,14.00,14.00
Saccade L,1,33,823925422,823981372,55950,1402.21,104.93,1329.73,128.52,2.69,130.97,0.43,48.07,3854.58,-2565.59,1659.54
Saccade R,1,33,823925422,823981372,55950,1402.21,104.93,1329.73,128.52,2.69,130.97,0.43,48.07,3854.58,-2565.59,1659.54
Fixation L,1,28,823981372,824117428,136056,1323.63,140.13,29,39,-1,14.76,14.76
Fixation R,1,28,823981372,824117428,136056,1323.63,140.13,29,39,-1,14.89,14.89
Saccade L,1,34,824117428,824141433,24005,1322.83,128.67,1336.26,171.24,0.68,46.61,0.33,28.21,1736.91,-583.34,804.31
Saccade R,1,34,824117428,824141433,24005,1322.83,128.67,1336.26,171.24,0.68,46.61,0.33,28.21,1736.91,-583.34,804.31
Saccade L,1,35,824165427,824205432,40005,1364.51,179.48,1410.25,176.23,1.86,71.19,0.50,46.55,2855.41,-2730.27,1850.83
Saccade R,1,35,824165427,824205432,40005,1364.51,179.48,1410.25,176.23,1.86,71.19,0.50,46.55,2855.41,-2730.27,1850.83
Saccade L,1,36,824213431,824241433,28002,1407.13,175.21,1360.98,50.58,1.61,114.42,0.71,57.59,4349.74,-1497.29,2196.51
Saccade R,1,36,824213431,824241433,28002,1407.13,175.21,1360.98,50.58,1.61,114.42,0.71,57.59,4349.74,-1497.29,2196.51
Saccade L,1,37,824241433,824265437,24004,1360.98,50.58,1359.39,195.14,1.78,136.12,0.50,73.98,2170.52,-2734.63,1516.96
Saccade R,1,37,824241433,824265437,24004,1360.98,50.58,1359.39,195.14,1.78,136.12,0.50,73.98,2170.52,-2734.63,1516.96
Saccade L,1,38,824281434,824309431,27997,1371.12,188.80,1344.15,180.78,1.54,126.60,0.57,54.84,1817.83,-2515.47,1471.41
Saccade R,1,38,824281434,824309431,27997,1371.12,188.80,1344.15,180.78,1.54,126.60,0.57,54.84,1817.83,-2515.47,1471.41
Saccade L,1,39,824309431,824341432,32001,1344.15,180.78,1356.53,187.94,1.53,73.17,0.63,47.92,2868.08,-2710.66,1998.05
Saccade R,1,39,824309431,824341432,32001,1344.15,180.78,1356.53,187.94,1.53,73.17,0.63,47.92,2868.08,-2710.66,1998.05
Fixation L,1,29,824341432,824437309,95877,1364.92,198.07,47,31,-1,14.98,14.98
Fixation R,1,29,824341432,824437309,95877,1364.92,198.07,47,31,-1,15.11,15.11
Saccade L,1,40,824437309,824461309,24000,1373.76,201.48,1369.73,186.75,1.32,80.84,0.50,55.19,3860.26,-1.50,2457.32
Saccade R,1,40,824437309,824461309,24000,1373.76,201.48,1369.73,186.75,1.32,80.84,0.50,55.19,3860.26,-1.50,2457.32
Fixation L,1,30,824481312,824533311,51999,1318.30,71.66,31,19,-1,15.13,15.13
Fixation R,1,30,824481312,824533311,51999,1318.30,71.66,31,19,-1,14.93,14.93
Saccade L,1,41,824533311,824557310,23999,1310.05,81.92,1402.41,217.33,2.20,209.70,0.50,91.78,9057.50,-7024.99,5751.20
Saccade R,1,41,824533311,824557310,23999,1310.05,81.92,1402.41,217.33,2.20,209.70,0.50,91.78,9057.50,-7024.99,5751.20
Fixation L,1,31,824577312,824861307,283995,1352.09,129.81,51,102,-1,15.26,15.26
Fixation R,1,31,824577312,824861307,283995,1352.09,129.81,51,102,-1,14.94,14.94
Saccade L,1,42,824893316,824941301,47985,1401.91,274.53,1474.22,139.25,3.82,152.28,0.75,79.55,4006.72,-7308.03,3637.74
Saccade R,1,42,824893316,824941301,47985,1401.91,274.53,1474.22,139.25,3.82,152.28,0.75,79.55,4006.72,-7308.03,3637.74
Saccade L,1,43,824957320,825053195,95875,1471.11,132.88,1537.72,67.66,6.31,141.15,0.42,65.76,3536.15,-4364.20,1751.95
Saccade R,1,43,824957320,825053195,95875,1471.11,132.88,1537.72,67.66,6.31,141.15,0.42,65.76,3536.15,-4364.20,1751.95
Fixation L,1,32,825053195,825173210,120015,1534.14,45.90,14,38,-1,15.13,15.13
Fixation R,1,32,825053195,825173210,120015,1534.14,45.90,14,38,-1,14.96,14.96
Saccade L,1,44,825173210,825229199,55989,1530.02,31.78,1378.43,86.42,4.64,277.34,0.29,82.80,12245.12,-10899.56,5239.37
Saccade R,1,44,825173210,825229199,55989,1530.02,31.78,1378.43,86.42,4.64,277.34,0.29,82.80,12245.12,-10899.56,5239.37
Saccade L,1,45,825241225,825273195,31970,1328.83,128.43,1401.77,137.51,1.33,91.65,0.50,41.55,2193.66,-2018.87,1461.69
Saccade R,1,45,825241225,825273195,31970,1328.83,128.43,1401.77,137.51,1.33,91.65,0.50,41.55,2193.66,-2018.87,1461.69
Saccade L,1,46,825313203,825357202,43999,1423.87,48.65,1350.29,144.80,2.47,136.75,0.27,56.25,5351.54,-3673.11,2921.61
Saccade R,1,46,825313203,825357202,43999,1423.87,48.65,1350.29,144.80,2.47,136.75,0.27,56.25,5351.54,-3673.11,2921.61
Saccade L,1,47,825357202,825385206,28004,1350.29,144.80,1432.89,31.23,1.71,167.64,0.29,60.94,4370.67,-6868.42,3536.30
Saccade R,1,47,825357202,825385206,28004,1350.29,144.80,1432.89,31.23,1.71,167.64,0.29,60.94,4370.67,-6868.42,3536.30
Fixation L,1,33,825385206,825457206,72000,1431.60,27.07,20,18,-1,14.92,14.92
Fixation R,1,33,825385206,825457206,72000,1431.60,27.07,20,18,-1,14.78,14.78
Saccade L,1,48,825457206,825485187,27981,1436.31,13.94,1437.27,16.94,1.52,73.38,0.43,54.27,3379.95,-1827.36,1839.40
Saccade R,1,48,825457206,825485187,27981,1436.31,13.94,1437.27,16.94,1.52,73.38,0.43,54.27,3379.95,-1827.36,1839.40
Fixation L,1,34,825565208,825677082,111874,1389.81,172.95,37,52,-1,15.10,15.10
Fixation R,1,34,825565208,825677082,111874,1389.81,172.95,37,52,-1,15.01,15.01
Saccade L,1,49,825677082,825709082,32000,1397.08,191.64,1392.26,39.33,2.49,206.07,0.62,77.87,7981.19,-8056.97,5504.82
Saccade R,1,49,825677082,825709082,32000,1397.08,191.64,1392.26,39.33,2.49,206.07,0.62,77.87,7981.19,-8056.97,5504.82
Fixation L,1,35,825709082,827372865,1663783,1331.46,227.54,132,299,-1,15.63,15.63
Fixation R,1,35,825709082,827372865,1663783,1331.46,227.54,132,299,-1,15.37,15.37
Saccade L,1,50,827372865,827424864,51999,1311.73,259.90,1017.43,271.22,6.69,305.67,0.77,128.70,13921.71,-13182.02,9637.31
Saccade R,1,50,827372865,827424864,51999,1311.73,259.90,1017.43,271.22,6.69,305.67,0.77,128.70,13921.71,-13182.02,9637.31
Fixation L,1,36,827424864,827668746,243882,1042.62,318.83,39,78,-1,15.80,15.80
Fixation R,1,36,827424864,827668746,243882,1042.62,318.83,39,78,-1,15.36,15.36
Saccade L,1,51,827668746,827704745,35999,1056.65,331.42,846.07,346.38,3.00,156.82,0.67,83.21,5947.65,-7320.34,4782.46
Saccade R,1,51,827668746,827704745,35999,1056.65,331.42,846.07,346.38,3.00,156.82,0.67,83.21,5947.65,-7320.34,4782.46
Fixation L,1,37,827704745,827916757,212012,836.29,363.93,38,30,-1,15.75,15.75
Fixation R,1,37,827704745,827916757,212012,836.29,363.93,38,30,-1,15.36,15.36
Saccade L,1,52,827916757,827968751,51994,840.16,368.20,1268.17,418.60,6.91,249.50,0.46,132.86,11307.58,-10221.50,7088.78
Saccade R,1,52,827916757,827968751,51994,840.16,368.20,1268.17,418.60,6.91,249.50,0.46,132.86,11307.58,-10221.50,7088.78
Saccade L,1,53,827992754,828020752,27998,1268.85,406.52,1218.06,375.56,0.80,41.01,0.29,28.46,1667.28,-1323.03,1123.62
Saccade R,1,53,827992754,828020752,27998,1268.85,406.52,1218.06,375.56,0.80,41.01,0.29,28.46,1667.28,-1323.03,1123.62
Saccade L,1,54,828040753,828064756,24003,1215.35,360.41,1093.58,342.25,1.83,167.95,0.50,76.10,6651.50,-6469.87,4838.50
Saccade R,1,54,828040753,828064756,24003,1215.35,360.41,1093.58,342.25,1.83,167.95,0.50,76.10,6651.50,-6469.87,4838.50
Saccade L,1,55,828076758,828124588,47830,1084.96,333.69,1274.77,287.31,3.00,167.48,0.25,62.79,6981.11,-6359.24,3665.56
Saccade R,1,55,828076758,828124588,47830,1084.96,333.69,1274.77,287.31,3.00,167.48,0.25,62.79,6981.11,-6359.24,3665.56
Fixation L,1,38,828124588,828324633,200045,1298.15,222.69,43,113,-1,13.71,13.71
Fixation R,1,38,828124588,828324633,200045,1298.15,222.69,43,113,-1,14.04,14.04
Saccade L,1,56,828444657,828508641,63984,1114.08,326.35,1205.96,138.04,5.26,328.46,0.50,82.23,11483.53,-13088.45,5137.55
Saccade R,1,56,828444657,828508641,63984,1114.08,326.35,1205.96,138.04,5.26,328.46,0.50,82.23,11483.53,-13088.45,5137.55
Fixation L,1,39,828508641,828588643,80002,1211.89,162.67,10,45,-1,13.98,13.98
Fixation R,1,39,828508641,828588643,80002,1211.89,162.67,10,45,-1,14.28,14.28
Fixation L,1,40,828676640,829572407,895767,1322.31,113.20,85,159,-1,14.78,14.78
Fixation R,1,40,828676640,829572407,895767,1322.31,113.20,85,159,-1,14.75,14.75
Saccade L,1,57,829572407,829608409,36002,1288.46,53.16,1386.47,89.60,1.91,119.35,0.67,53.05,4183.55,-5386.72,3023.04
Saccade R,1,57,829572407,829608409,36002,1288.46,53.16,1386.47,89.60,1.91,119.35,0.67,53.05,4183.55,-5386.72,3023.04
Fixation L,1,41,829608409,829956425,348016,1401.45,172.95,42,152,-1,15.05,15.05
Fixation R,1,41,829608409,829956425,348016,1401.45,172.95,42,152,-1,15.21,15.21
Saccade L,1,58,829956425,829988289,31864,1428.78,234.43,1343.62,245.55,1.24,66.53,0.62,38.98,2655.57,-2799.12,2085.67
Saccade R,1,58,829956425,829988289,31864,1428.78,234.43,1343.62,245.55,1.24,66.53,0.62,38.98,2655.57,-2799.12,2085.67
Fixation L,1,42,829988289,830252319,264030,1352.68,220.89,61,59,-1,14.59,14.59
Fixation R,1,42,829988289,830252319,264030,1352.68,220.89,61,59,-1,14.68,14.68
Saccade L,1,59,830252319,830280296,27977,1341.76,190.93,1470.26,152.79,1.84,135.90,0.43,65.87,6408.26,-6474.95,4752.45
Saccade R,1,59,830252319,830280296,27977,1341.76,190.93,1470.26,152.79,1.84,135.90,0.43,65.87,6408.26,-6474.95,4752.45
Fixation L,1,43,830280296,830648175,367879,1478.14,147.00,39,43,-1,14.10,14.10
Fixation R,1,43,830280296,830648175,367879,1478.14,147.00,39,43,-1,14.29,14.29
Saccade L,1,60,830648175,830692180,44005,1498.81,138.85,1401.92,103.96,1.58,80.23,0.36,36.02,3204.49,-2693.82,1784.29
Saccade R,1,60,830648175,830692180,44005,1498.81,138.85,1401.92,103.96,1.58,80.23,0.36,36.02,3204.49,-2693.82,1784.29
Saccade L,1,61,830704166,830732206,28040,1398.55,95.00,1389.79,96.22,0.91,45.81,0.57,32.50,1558.85,-2192.86,1457.52
Saccade R,1,61,830704166,830732206,28040,1398.55,95.00,1389.79,96.22,0.91,45.81,0.57,32.50,1558.85,-2192.86,1457.52
Fixation L,1,44,830732206,830812206,80000,1382.65,100.87,17,16,-1,14.08,14.08
Fixation R,1,44,830732206,830812206,80000,1382.65,100.87,17,16,-1,14.10,14.10
Saccade L,1,62,830852185,830896182,43997,1378.77,216.59,1355.26,194.96,1.66,70.64,0.45,37.74,2704.56,-2834.12,1845.35
Saccade R,1,62,830852185,830896182,43997,1378.77,216.59,1355.26,194.96,1.66,70.64,0.45,37.74,2704.56,-2834.12,1845.35
Fixation L,1,45,830952185,831020193,68008,1362.57,160.43,14,18,-1,14.13,14.13
Fixation R,1,45,830952185,831020193,68008,1362.57,160.43,14,18,-1,14.21,14.21
Saccade L,1,63,831020193,831052114,31921,1365.96,154.36,1483.39,31.41,2.65,202.39,0.50,83.16,8630.33,-7598.07,5657.10
Saccade R,1,63,831020193,831052114,31921,1365.96,154.36,1483.39,31.41,2.65,202.39,0.50,83.16,8630.33,-7598.07,5657.10
Saccade L,1,64,831052114,831080187,28073,1483.39,31.41,1503.33,65.31,0.81,53.22,0.29,28.69,326.77,-3046.01,1206.79
Saccade R,1,64,831052114,831080187,28073,1483.39,31.41,1503.33,65.31,0.81,53.22,0.29,28.69,326.77,-3046.01,1206.79
Fixation L,1,46,831080187,831344064,263877,1522.29,79.71,69,58,-1,14.22,14.22
Fixation R,1,46,831080187,831344064,263877,1522.29,79.71,69,58,-1,14.55,14.55
Saccade L,1,65,831352068,831384070,32002,1505.93,63.61,1497.24,42.90,1.20,76.84,0.75,37.55,3170.97,-51.23,1424.52
Saccade R,1,65,831352068,831384070,32002,1505.93,63.61,1497.24,42.90,1.20,76.84,0.75,37.55,3170.97,-51.23,1424.52
Saccade L,1,66,831600085,831624070,23985,1513.07,28.71,1564.75,192.19,1.18,65.73,0.50,49.36,1157.18,-5141.08,2274.49
Saccade R,1,66,831600085,831624070,23985,1513.07,28.71,1564.75,192.19,1.18,65.73,0.50,49.36,1157.18,-5141.08,2274.49
Saccade L,1,67,831632069,831696074,64005,1549.75,189.68,1723.09,100.77,3.09,98.68,0.25,48.31,4524.61,-2036.94,1683.28
Saccade R,1,67,831632069,831696074,64005,1549.75,189.68,1723.09,100.77,3.09,98.68,0.25,48.31,4524.61,-2036.94,1683.28
Saccade L,1,68,831740077,831776075,35998,1713.61,96.61,1780.68,46.73,1.67,118.53,0.56,46.48,4366.90,-4378.65,2779.17
Saccade R,1,68,831740077,831776075,35998,1713.61,96.61,1780.68,46.73,1.67,118.53,0.56,46.48,4366.90,-4378.65,2779.17
Fixation L,1,47,831776075,831831953,55878,1781.32,42.57,75,69,-1,14.68,14.68
Fixation R,1,47,831776075,831831953,55878,1781.32,42.57,75,69,-1,14.90,14.90
Fixation L,1,48,831871952,832523836,651884,1762.46,92.23,68,119,-1,14.62,14.62
Fixation R,1,48,831871952,832523836,651884,1762.46,92.23,68,119,-1,14.84,14.84
Saccade L,1,69,832523836,832571832,47996,1768.52,131.71,1413.78,182.76,5.32,220.89,0.50,110.79,9573.54,-9823.81,6687.77
Saccade R,1,69,832523836,832571832,47996,1768.52,131.71,1413.78,182.76,5.32,220.89,0.50,110.79,9573.54,-9823.81,6687.77
Fixation L,1,49,832571832,832839846,268014,1425.81,141.70,52,95,-1,14.83,14.83
Fixation R,1,49,832571832,832839846,268014,1425.81,141.70,52,95,-1,15.01,15.01
Fixation L,1,50,832863843,832923748,59905,1439.65,54.95,25,11,-1,14.77,14.77
Fixation R,1,50,832863843,832923748,59905,1439.65,54.95,25,11,-1,14.94,14.94
Saccade L,1,70,832923748,832959845,36097,1435.48,63.71,1365.26,68.87,1.16,52.05,0.56,32.11,2321.25,-2126.93,1708.46
Saccade R,1,70,832923748,832959845,36097,1435.48,63.71,1365.26,68.87,1.16,52.05,0.56,32.11,2321.25,-2126.93,1708.46
Fixation L,1,51,832959845,833063853,104008,1339.84,77.49,41,70,-1,14.77,14.77
Fixation R,1,51,832959845,833063853,104008,1339.84,77.49,41,70,-1,14.81,14.81
Saccade L,1,71,833083722,833111726,28004,1281.31,150.99,1325.21,77.67,1.22,90.51,0.57,43.59,3243.74,-1485.17,1522.95
Saccade R,1,71,833083722,833111726,28004,1281.31,150.99,1325.21,77.67,1.22,90.51,0.57,43.59,3243.74,-1485.17,1522.95
Fixation L,1,52,833139724,833243751,104027,1342.80,106.12,67,96,-1,14.79,14.79
Fixation R,1,52,833139724,833243751,104027,1342.80,106.12,67,96,-1,14.98,14.98
Saccade L,1,72,833243751,833331729,87978,1354.25,126.57,1862.78,-5.66,8.24,223.83,0.23,93.70,9057.84,-7850.97,4284.70
Saccade R,1,72,833243751,833331729,87978,1354.25,126.57,1862.78,-5.66,8.24,223.83,0.23,93.70,9057.84,-7850.97,4284.70
Fixation L,1,53,833331729,833759613,427884,1831.94,34.73,79,62,-1,14.44,14.44
Fixation R,1,53,833331729,833759613,427884,1831.94,34.73,79,62,-1,14.90,14.90
Fixation L,1,54,833851609,833999620,148011,1787.13,35.63,44,17,-1,14.22,14.22
Fixation R,1,54,833851609,833999620,148011,1787.13,35.63,44,17,-1,14.61,14.61
Saccade L,1,73,833999620,834031617,31997,1788.62,42.10,1754.94,81.84,0.79,41.76,0.38,24.71,1874.86,-1211.13,929.01
Saccade R,1,73,833999620,834031617,31997,1788.62,42.10,1754.94,81.84,0.79,41.76,0.38,24.71,1874.86,-1211.13,929.01
Saccade L,1,74,834051620,834075621,24001,1752.64,81.05,1798.51,72.25,0.67,43.65,0.50,27.82,1640.32,-1783.40,1272.45
Saccade R,1,74,834051620,834075621,24001,1752.64,81.05,1798.51,72.25,0.67,43.65,0.50,27.82,1640.32,-1783.40,1272.45
Fixation L,1,55,834075621,834759509,683888,1782.91,72.76,76,45,-1,13.92,13.92
Fixation R,1,55,834075621,834759509,683888,1782.91,72.76,76,45,-1,14.45,14.45
Saccade L,1,75,834759509,834783508,23999,1827.66,65.72,1786.23,80.01,0.74,52.48,0.50,30.66,2219.52,-1399.74,1284.50
Saccade R,1,75,834759509,834783508,23999,1827.66,65.72,1786.23,80.01,0.74,52.48,0.50,30.66,2219.52,-1399.74,1284.50
Fixation L,1,56,834783508,834899491,115983,1767.07,78.24,36,37,-1,14.08,14.08
Fixation R,1,56,834783508,834899491,115983,1767.07,78.24,36,37,-1,14.57,14.57
Fixation L,1,57,834939513,835087387,147874,1757.02,89.80,37,34,-1,14.29,14.29
Fixation R,1,57,834939513,835087387,147874,1757.02,89.80,37,34,-1,14.59,14.59
Saccade L,1,76,835087387,835115414,28027,1745.35,86.65,1814.17,70.93,1.07,76.40,0.57,38.29,3746.45,-3223.90,2481.56
Saccade R,1,76,835087387,835115414,28027,1745.35,86.65,1814.17,70.93,1.07,76.40,0.57,38.29,3746.45,-3223.90,2481.56
Fixation L,1,58,835115414,835411349,295935,1795.76,64.16,62,115,-1,14.52,14.52
Fixation R,1,58,835115414,835411349,295935,1795.76,64.16,62,115,-1,14.90,14.90
Saccade L,1,77,835411349,835435296,23947,1791.30,117.43,1729.51,125.18,0.84,61.45,0.50,35.12,2344.72,-1689.74,1450.13
Saccade R,1,77,835411349,835435296,23947,1791.30,117.43,1729.51,125.18,0.84,61.45,0.50,35.12,2344.72,-1689.74,1450.13
Fixation L,1,59,835435296,835559400,124104,1770.92,114.76,64,43,-1,14.80,14.80
Fixation R,1,59,835435296,835559400,124104,1770.92,114.76,64,43,-1,15.04,15.04
Saccade L,1,78,835559400,835591275,31875,1787.75,124.80,1822.18,225.58,1.48,86.26,0.37,46.28,3762.16,-3628.12,2671.76
Saccade R,1,78,835559400,835591275,31875,1787.75,124.80,1822.18,225.58,1.48,86.26,0.37,46.28,3762.16,-3628.12,2671.76
Fixation L,1,60,835591275,836371165,779890,1811.37,268.54,62,99,-1,15.05,15.05
Fixation R,1,60,835591275,836371165,779890,1811.37,268.54,62,99,-1,15.40,15.40
Saccade L,1,79,836371165,836423158,51993,1815.11,262.97,1810.69,656.24,5.88,261.82,0.38,113.17,12180.56,-10711.41,7135.77
Saccade R,1,79,836371165,836423158,51993,1815.11,262.97,1810.69,656.24,5.88,261.82,0.38,113.17,12180.56,-10711.41,7135.77
Fixation L,1,61,836423158,836859040,435882,1809.27,692.64,31,101,-1,15.49,15.49
Fixation R,1,61,836423158,836859040,435882,1809.27,692.64,31,101,-1,15.56,15.56
Saccade L,1,80,836859040,836927049,68009,1816.68,624.66,1842.73,63.92,9.13,270.56,0.35,134.30,11397.83,-9009.63,6320.61
Saccade R,1,80,836859040,836927049,68009,1816.68,624.66,1842.73,63.92,9.13,270.56,0.35,134.30,11397.83,-9009.63,6320.61
Saccade L,1,81,836927049,836955043,27994,1842.73,63.92,1871.31,48.27,0.69,54.05,0.57,24.50,1575.08,-1338.72,1085.97
Saccade R,1,81,836927049,836955043,27994,1842.73,63.92,1871.31,48.27,0.69,54.05,0.57,24.50,1575.08,-1338.72,1085.97
Fixation L,1,62,836955043,837175055,220012,1874.08,55.61,49,39,-1,14.32,14.32
Fixation R,1,62,836955043,837175055,220012,1874.08,55.61,49,39,-1,14.75,14.75
Saccade L,1,82,837175055,837203032,27977,1868.70,73.55,1865.39,72.27,1.38,66.30,0.43,49.49,3158.93,-2971.14,2530.67
Saccade R,1,82,837175055,837203032,27977,1868.70,73.55,1865.39,72.27,1.38,66.30,0.43,49.49,3158.93,-2971.14,2530.67
Fixation L,1,63,837203032,837259058,56026,1857.75,68.68,10,5,-1,14.26,14.26
Fixation R,1,63,837203032,837259058,56026,1857.75,68.68,10,5,-1,14.45,14.45
Saccade L,1,83,837303058,837327032,23974,1725.55,43.27,1874.22,58.34,1.02,72.52,0.67,42.55,6560.70,-1933.39,2850.94
Saccade R,1,83,837303058,837327032,23974,1725.55,43.27,1874.22,58.34,1.02,72.52,0.67,42.55,6560.70,-1933.39,2850.94
Saccade L,1,84,837347055,837375057,28002,1719.62,124.29,1850.81,26.43,2.28,211.91,0.57,81.39,6431.11,-7969.70,5075.11
Saccade R,1,84,837347055,837375057,28002,1719.62,124.29,1850.81,26.43,2.28,211.91,0.57,81.39,6431.11,-7969.70,5075.11
Saccade L,1,85,837399057,837442932,43875,1844.12,24.05,1899.13,12.93,2.52,110.42,0.73,57.55,3001.78,-4332.31,2213.83
Saccade R,1,85,837399057,837442932,43875,1844.12,24.05,1899.13,12.93,2.52,110.42,0.73,57.55,3001.78,-4332.31,2213.83
Fixation L,1,64,837442932,837642965,200033,1859.09,68.26,55,91,-1,14.81,14.81
Fixation R,1,64,837442932,837642965,200033,1859.09,68.26,55,91,-1,15.19,15.19
Fixation L,1,65,837662935,838262825,599890,1834.67,94.02,95,87,-1,15.37,15.37
Fixation R,1,65,837662935,838262825,599890,1834.67,94.02,95,87,-1,15.69,15.69
Saccade L,1,86,838262825,838294824,31999,1799.84,141.16,1848.25,110.16,0.77,44.21,0.38,24.13,1072.61,-1219.93,645.56
Saccade R,1,86,838262825,838294824,31999,1799.84,141.16,1848.25,110.16,0.77,44.21,0.38,24.13,1072.61,-1219.93,645.56
Saccade L,1,87,838318825,838350824,31999,1867.69,110.48,1828.81,165.60,0.91,50.86,0.62,28.31,1973.68,-2318.32,1466.38
Saccade R,1,87,838318825,838350824,31999,1867.69,110.48,1828.81,165.60,0.91,50.86,0.62,28.31,1973.68,-2318.32,1466.38
Fixation L,1,66,838350824,838714700,363876,1794.50,310.13,1279,1295,-1,15.20,15.20
Fixation R,1,66,838350824,838554835,204011,1799.29,161.42,80,73,-1,16.43,16.43
Saccade L,1,88,838902710,838926712,24002,1731.01,338.83,1733.05,260.05,1.06,93.83,0.50,44.31,3830.75,-3478.80,2733.98
Saccade R,1,88,838902710,838926712,24002,1731.01,338.83,1733.05,260.05,1.06,93.83,0.50,44.31,3830.75,-3478.80,2733.98
Saccade L,1,89,838974712,839002732,28020,1742.81,250.10,1728.34,302.38,1.05,56.79,0.71,37.31,1966.32,-1698.98,1418.57
Saccade R,1,89,838974712,839002732,28020,1742.81,250.10,1728.34,302.38,1.05,56.79,0.71,37.31,1966.32,-1698.98,1418.57
Saccade L,1,90,839046705,839106716,60011,1725.72,316.15,1860.34,661.48,6.24,270.51,0.67,104.04,10739.04,-12594.85,6495.98
Saccade R,1,90,839046705,839106716,60011,1725.72,316.15,1860.34,661.48,6.24,270.51,0.67,104.04,10739.04,-12594.85,6495.98
Fixation L,1,67,839106716,839398596,291880,1823.32,705.83,64,66,-1,15.42,15.42
Fixation R,1,67,839106716,839398596,291880,1823.32,705.83,64,66,-1,15.67,15.67
Saccade L,1,91,839398596,839442597,44001,1811.80,721.01,1550.31,760.51,3.79,163.93,0.27,86.25,7954.57,-4096.81,4233.20
Saccade R,1,91,839398596,839442597,44001,1811.80,721.01,1550.31,760.51,3.79,163.93,0.27,86.25,7954.57,-4096.81,4233.20
Saccade L,1,92,839470596,839494595,23999,1572.94,761.19,1581.41,717.89,0.59,40.05,0.50,24.61,1767.70,-1525.05,1249.01
Saccade R,1,92,839470596,839494595,23999,1572.94,761.19,1581.41,717.89,0.59,40.05,0.50,24.61,1767.70,-1525.05,1249.01
Saccade L,1,93,839506570,839546613,40043,1584.20,713.56,1540.36,725.70,1.41,66.62,0.50,35.23,2640.99,-1764.29,1384.40
Saccade R,1,93,839506570,839546613,40043,1584.20,713.56,1540.36,725.70,1.41,66.62,0.50,35.23,2640.99,-1764.29,1384.40
Fixation L,1,68,839546613,839634600,87987,1557.38,726.27,39,29,-1,14.75,14.75
Fixation R,1,68,839546613,839634600,87987,1557.38,726.27,39,29,-1,14.90,14.90
Saccade L,1,94,839634600,839670590,35990,1561.56,749.13,1731.20,697.60,2.83,189.30,0.56,78.50,8030.94,-7778.24,5476.84
Saccade R,1,94,839634600,839670590,35990,1561.56,749.13,1731.20,697.60,2.83,189.30,0.56,78.50,8030.94,-7778.24,5476.84
Fixation L,1,69,839670590,840282482,611892,1807.45,669.84,109,64,-1,14.53,14.53
Fixation R,1,69,839670590,840282482,611892,1807.45,669.84,109,64,-1,14.66,14.66
Saccade L,1,95,840282482,840326488,44006,1798.57,664.99,1420.64,730.51,5.81,242.45,0.36,132.07,11827.43,-8569.87,7437.12
Saccade R,1,95,840282482,840326488,44006,1798.57,664.99,1420.64,730.51,5.81,242.45,0.36,132.07,11827.43,-8569.87,7437.12
Fixation L,1,70,840326488,840510488,184000,1382.89,729.57,52,6,-1,15.19,15.19
Fixation R,1,70,840326488,840510488,184000,1382.89,729.57,52,6,-1,15.33,15.33
Saccade L,1,96,840510488,840566323,55835,1366.35,732.83,781.57,790.22,8.77,267.96,0.29,157.05,12554.12,-11439.29,7400.77
Saccade R,1,96,840510488,840566323,55835,1366.35,732.83,781.57,790.22,8.77,267.96,0.29,157.05,12554.12,-11439.29,7400.77
Fixation L,1,71,840566323,844021808,3455485,816.56,736.91,103,154,-1,13.30,13.30
Fixation R,1,71,840566323,844021808,3455485,816.56,736.91,103,154,-1,13.37,13.37
Saccade L,1,97,844021808,844081811,60003,825.48,803.63,800.95,1101.48,4.96,225.07,0.33,82.60,9919.12,-7586.14,4635.32
Saccade R,1,97,844021808,844081811,60003,825.48,803.63,800.95,1101.48,4.96,225.07,0.33,82.60,9919.12,-7586.14,4635.32
Fixation L,1,72,844081811,844249818,168007,806.97,1105.62,16,26,-1,14.14,14.14
Fixation R,1,72,844081811,844249818,168007,806.97,1105.62,16,26,-1,14.17,14.17
Saccade L,1,98,844249818,844313686,63868,794.84,1096.44,822.93,760.12,5.34,184.40,0.44,83.56,7088.41,-6871.61,3795.63
Saccade R,1,98,844249818,844313686,63868,794.84,1096.44,822.93,760.12,5.34,184.40,0.44,83.56,7088.41,-6871.61,3795.63
Fixation L,1,73,844313686,845129608,815922,796.52,704.52,66,89,-1,13.49,13.49
Fixation R,1,73,844313686,845129608,815922,796.52,704.52,66,89,-1,13.53,13.53
Saccade L,1,99,845145603,845189583,43980,728.04,674.34,0.00,0.00,22.26,1682.29,0.73,506.16,43361.20,-71842.49,30299.87
Fixation L,1,74,845365585,845557464,191879,690.02,754.98,20,53,-1,13.80,13.80
Fixation R,1,74,845365585,845557464,191879,690.02,754.98,20,53,-1,13.70,13.70
Fixation L,1,75,845625466,846121475,496009,710.40,1172.03,72,80,-1,13.95,13.95
Fixation R,1,75,845625466,846121475,496009,710.40,1172.03,72,80,-1,13.87,13.87
UserEvent,1,1,846123010,# Message: Stop eye recording
